[ 0.00000000e+00  5.03104908e-02  1.00589141e-01  1.50804129e-01
  2.00923676e-01  2.50916060e-01  3.00749644e-01  3.50392887e-01
  3.99814370e-01  4.48982817e-01  4.97867109e-01  5.46436307e-01
  5.94659673e-01  6.42506687e-01  6.89947068e-01  7.36950790e-01
  7.83488105e-01  8.29529562e-01  8.75046021e-01  9.20008675e-01
  9.64389068e-01  1.00815911e+00  1.05129111e+00  1.09375775e+00
  1.13553217e+00  1.17658793e+00  1.21689904e+00  1.25643999e+00
  1.29518576e+00  1.33311183e+00  1.37019418e+00  1.40640936e+00
  1.44173444e+00  1.47614706e+00  1.50962546e+00  1.54214843e+00
  1.57369539e+00  1.60424639e+00  1.63378207e+00  1.66228376e+00
  1.68973342e+00  1.71611366e+00  1.74140780e+00  1.76559983e+00
  1.78867443e+00  1.81061700e+00  1.83141366e+00  1.85105124e+00
  1.86951731e+00  1.88680020e+00  1.90288895e+00  1.91777339e+00
  1.93144410e+00  1.94389242e+00  1.95511048e+00  1.96509117e+00
  1.97382819e+00  1.98131600e+00  1.98754986e+00  1.99252582e+00
  1.99624074e+00  1.99869227e+00  1.99987886e+00  1.99979974e+00
  1.99845498e+00  1.99584543e+00  1.99197273e+00  1.98683934e+00
  1.98044851e+00  1.97280427e+00  1.96391148e+00  1.95377575e+00
  1.94240350e+00  1.92980194e+00  1.91597902e+00  1.90094351e+00
  1.88470492e+00  1.86727353e+00  1.84866036e+00  1.82887720e+00
  1.80793657e+00  1.78585172e+00  1.76263662e+00  1.73830598e+00
  1.71287519e+00  1.68636034e+00  1.65877822e+00  1.63014628e+00
  1.60048265e+00  1.56980608e+00  1.53813601e+00  1.50549248e+00
  1.47189613e+00  1.43736825e+00  1.40193067e+00  1.36560583e+00
  1.32841672e+00  1.29038687e+00  1.25154035e+00  1.21190175e+00
  1.17149616e+00  1.13034913e+00  1.08848673e+00  1.04593544e+00
  1.00272219e+00  9.58874325e-01  9.14419605e-01  8.69386162e-01
  8.23802496e-01  7.77697457e-01  7.31100224e-01  6.84040287e-01
  6.36547430e-01  5.88651711e-01  5.40383442e-01  4.91773172e-01
  4.42851665e-01  3.93649883e-01  3.44198966e-01  2.94530209e-01
  2.44675049e-01  1.94665037e-01  1.44531824e-01  9.43071387e-02
  4.40227679e-02 -6.28946442e-03 -5.65977162e-02 -1.06870148e-01
 -1.57074943e-01 -2.07180328e-01 -2.57154591e-01 -3.06966104e-01
 -3.56583342e-01 -4.05974904e-01 -4.55109530e-01 -5.03956123e-01
 -5.52483769e-01 -6.00661755e-01 -6.48459591e-01 -6.95847025e-01
 -7.42794068e-01 -7.89271005e-01 -8.35248424e-01 -8.80697226e-01
 -9.25588646e-01 -9.69894273e-01 -1.01358607e+00 -1.05663638e+00
 -1.09901796e+00 -1.14070398e+00 -1.18166807e+00 -1.22188430e+00
 -1.26132721e+00 -1.29997185e+00 -1.33779375e+00 -1.37476898e+00
 -1.41087413e+00 -1.44608637e+00 -1.48038339e+00 -1.51374350e+00
 -1.54614559e+00 -1.57756913e+00 -1.60799426e+00 -1.63740171e+00
 -1.66577287e+00 -1.69308978e+00 -1.71933516e+00 -1.74449240e+00
 -1.76854557e+00 -1.79147945e+00 -1.81327953e+00 -1.83393200e+00
 -1.85342381e+00 -1.87174261e+00 -1.88887681e+00 -1.90481557e+00
 -1.91954879e+00 -1.93306716e+00 -1.94536211e+00 -1.95642587e+00
 -1.96625144e+00 -1.97483259e+00 -1.98216389e+00 -1.98824071e+00
 -1.99305921e+00 -1.99661632e+00 -1.99890980e+00 -1.99993819e+00
 -1.99970085e+00 -1.99819793e+00 -1.99543038e+00 -1.99139994e+00
 -1.98610918e+00 -1.97956143e+00 -1.97176085e+00 -1.96271236e+00
 -1.95242170e+00 -1.94089538e+00 -1.92814069e+00 -1.91416571e+00
 -1.89897928e+00 -1.88259101e+00 -1.86501127e+00 -1.84625120e+00
 -1.82632265e+00 -1.80523826e+00 -1.78301135e+00 -1.75965599e+00
 -1.73518698e+00 -1.70961978e+00 -1.68297059e+00 -1.65525628e+00
 -1.62649437e+00 -1.59670308e+00 -1.56590125e+00 -1.53410839e+00
 -1.50134461e+00 -1.46763065e+00 -1.43298785e+00 -1.39743812e+00
 -1.36100398e+00 -1.32370848e+00 -1.28557522e+00 -1.24662834e+00
 -1.20689248e+00 -1.16639279e+00 -1.12515492e+00 -1.08320494e+00
 -1.04056942e+00 -9.97275342e-01 -9.53350099e-01 -9.08821493e-01
 -8.63717706e-01 -8.18067284e-01 -7.71899118e-01 -7.25242428e-01
 -6.78126741e-01 -6.30581877e-01 -5.82637927e-01 -5.34325232e-01
 -4.85674371e-01 -4.36716132e-01 -3.87481502e-01 -3.38001641e-01
 -2.88307862e-01 -2.38431617e-01 -1.88404473e-01 -1.38258089e-01
 -8.80242040e-02 -3.77346096e-02  1.25788666e-02  6.28843818e-02
  1.13150098e-01  1.63344204e-01  2.13434931e-01  2.63390578e-01
  3.13179528e-01  3.62770272e-01  4.12131423e-01  4.61231741e-01
  5.10040153e-01  5.58525767e-01  6.06657897e-01  6.54406082e-01
  7.01740102e-01  7.48630000e-01  7.95046100e-01  8.40959027e-01
  8.86339721e-01  9.31159464e-01  9.75389888e-01  1.01900300e+00
  1.06197120e+00  1.10426729e+00  1.14586451e+00  1.18673652e+00
  1.22685747e+00  1.26620195e+00  1.30474507e+00  1.34246244e+00
  1.37933018e+00  1.41532496e+00  1.45042400e+00  1.48460508e+00
  1.51784658e+00  1.55012746e+00  1.58142728e+00  1.61172623e+00
  1.64100515e+00  1.66924550e+00  1.69642940e+00  1.72253966e+00
  1.74755974e+00  1.77147382e+00  1.79426675e+00  1.81592412e+00
  1.83643221e+00  1.85577805e+00  1.87394940e+00  1.89093475e+00
  1.90672334e+00  1.92130520e+00  1.93467110e+00  1.94681256e+00
  1.95772191e+00  1.96739225e+00  1.97581745e+00  1.98299219e+00
  1.98891191e+00  1.99357288e+00  1.99697214e+00  1.99910755e+00
  1.99997775e+00  1.99958219e+00  1.99792112e+00  1.99499559e+00
  1.99080746e+00  1.98535937e+00  1.97865478e+00  1.97069792e+00
  1.96149383e+00  1.95104834e+00  1.93936806e+00  1.92646038e+00
  1.91233347e+00  1.89699627e+00  1.88045848e+00  1.86273058e+00
  1.84382378e+00  1.82375005e+00  1.80252209e+00  1.78015334e+00
  1.75665796e+00  1.73205081e+00  1.70634747e+00  1.67956420e+00
  1.65171796e+00  1.62282637e+00  1.59290772e+00  1.56198094e+00
  1.53006559e+00  1.49718190e+00  1.46335065e+00  1.42859327e+00
  1.39293176e+00  1.35638867e+00  1.31898715e+00  1.28075085e+00
  1.24170399e+00  1.20187127e+00  1.16127790e+00  1.11994957e+00
  1.07791244e+00  1.03519312e+00  9.91818637e-01  9.47816445e-01
  9.03214393e-01  8.58040708e-01  8.12323981e-01  7.66093145e-01
  7.19377459e-01  6.72206489e-01  6.24610088e-01  5.76618381e-01
  5.28261739e-01  4.79570767e-01  4.30576281e-01  3.81309290e-01
  3.31800973e-01  2.82082664e-01  2.32185828e-01  1.82142045e-01
  1.31982987e-01  8.17403989e-02  3.14460781e-02 -1.88681445e-02
 -6.91704256e-02 -1.19428930e-01 -1.69611849e-01 -2.19687423e-01
 -2.69623960e-01 -3.19389856e-01 -3.68953614e-01 -4.18283866e-01
 -4.67349392e-01 -5.16119139e-01 -5.64562241e-01 -6.12648039e-01
 -6.60346101e-01 -7.07626238e-01 -7.54458529e-01 -8.00813332e-01
 -8.46661312e-01 -8.91973451e-01 -9.36721073e-01 -9.80875856e-01
 -1.02440986e+00 -1.06729552e+00 -1.10950571e+00 -1.15101371e+00
 -1.19179324e+00 -1.23181851e+00 -1.27106417e+00 -1.30950540e+00
 -1.34711785e+00 -1.38387774e+00 -1.41976178e+00 -1.45474728e+00
 -1.48881209e+00 -1.52193465e+00 -1.55409400e+00 -1.58526978e+00
 -1.61544227e+00 -1.64459236e+00 -1.67270162e+00 -1.69975224e+00
 -1.72572712e+00 -1.75060980e+00 -1.77438455e+00 -1.79703631e+00
 -1.81855076e+00 -1.83891426e+00 -1.85811395e+00 -1.87613765e+00
 -1.89297398e+00 -1.90861227e+00 -1.92304262e+00 -1.93625591e+00
 -1.94824376e+00 -1.95899860e+00 -1.96851361e+00 -1.97678278e+00
 -1.98380087e+00 -1.98956344e+00 -1.99406684e+00 -1.99730822e+00
 -1.99928554e+00 -1.99999753e+00 -1.99944375e+00 -1.99762455e+00
 -1.99454108e+00 -1.99019529e+00 -1.98458994e+00 -1.97772856e+00
 -1.96961551e+00 -1.96025591e+00 -1.94965569e+00 -1.93782157e+00
 -1.92476102e+00 -1.91048232e+00 -1.89499449e+00 -1.87830736e+00
 -1.86043146e+00 -1.84137813e+00 -1.82115941e+00 -1.79978810e+00
 -1.77727773e+00 -1.75364255e+00 -1.72889751e+00 -1.70305828e+00
 -1.67614120e+00 -1.64816331e+00 -1.61914233e+00 -1.58909661e+00
 -1.55804517e+00 -1.52600767e+00 -1.49300438e+00 -1.45905618e+00
 -1.42418457e+00 -1.38841161e+00 -1.35175995e+00 -1.31425277e+00
 -1.27591382e+00 -1.23676736e+00 -1.19683817e+00 -1.15615152e+00
 -1.11473315e+00 -1.07260929e+00 -1.02980658e+00 -9.86352124e-01
 -9.42273418e-01 -8.97598360e-01 -8.52355225e-01 -8.06572645e-01
 -7.60279596e-01 -7.13505377e-01 -6.66279589e-01 -6.18632123e-01
 -5.70593132e-01 -5.22193021e-01 -4.73462421e-01 -4.24432172e-01
 -3.75133307e-01 -3.25597024e-01 -2.75854676e-01 -2.25937743e-01
 -1.75877817e-01 -1.25706580e-01 -7.54557854e-02 -2.51572357e-02
  2.51572357e-02  7.54557854e-02  1.25706580e-01  1.75877817e-01
  2.25937743e-01  2.75854676e-01  3.25597024e-01  3.75133307e-01
  4.24432172e-01  4.73462421e-01  5.22193021e-01  5.70593132e-01
  6.18632123e-01  6.66279589e-01  7.13505377e-01  7.60279596e-01
  8.06572645e-01  8.52355225e-01  8.97598360e-01  9.42273418e-01
  9.86352124e-01  1.02980658e+00  1.07260929e+00  1.11473315e+00
  1.15615152e+00  1.19683817e+00  1.23676736e+00  1.27591382e+00
  1.31425277e+00  1.35175995e+00  1.38841161e+00  1.42418457e+00
  1.45905618e+00  1.49300438e+00  1.52600767e+00  1.55804517e+00
  1.58909661e+00  1.61914233e+00  1.64816331e+00  1.67614120e+00
  1.70305828e+00  1.72889751e+00  1.75364255e+00  1.77727773e+00
  1.79978810e+00  1.82115941e+00  1.84137813e+00  1.86043146e+00
  1.87830736e+00  1.89499449e+00  1.91048232e+00  1.92476102e+00
  1.93782157e+00  1.94965569e+00  1.96025591e+00  1.96961551e+00
  1.97772856e+00  1.98458994e+00  1.99019529e+00  1.99454108e+00
  1.99762455e+00  1.99944375e+00  1.99999753e+00  1.99928554e+00
  1.99730822e+00  1.99406684e+00  1.98956344e+00  1.98380087e+00
  1.97678278e+00  1.96851361e+00  1.95899860e+00  1.94824376e+00
  1.93625591e+00  1.92304262e+00  1.90861227e+00  1.89297398e+00
  1.87613765e+00  1.85811395e+00  1.83891426e+00  1.81855076e+00
  1.79703631e+00  1.77438455e+00  1.75060980e+00  1.72572712e+00
  1.69975224e+00  1.67270162e+00  1.64459236e+00  1.61544227e+00
  1.58526978e+00  1.55409400e+00  1.52193465e+00  1.48881209e+00
  1.45474728e+00  1.41976178e+00  1.38387774e+00  1.34711785e+00
  1.30950540e+00  1.27106417e+00  1.23181851e+00  1.19179324e+00
  1.15101371e+00  1.10950571e+00  1.06729552e+00  1.02440986e+00
  9.80875856e-01  9.36721073e-01  8.91973451e-01  8.46661312e-01
  8.00813332e-01  7.54458529e-01  7.07626238e-01  6.60346101e-01
  6.12648039e-01  5.64562241e-01  5.16119139e-01  4.67349392e-01
  4.18283866e-01  3.68953614e-01  3.19389856e-01  2.69623960e-01
  2.19687423e-01  1.69611849e-01  1.19428930e-01  6.91704256e-02
  1.88681445e-02 -3.14460781e-02 -8.17403989e-02 -1.31982987e-01
 -1.82142045e-01 -2.32185828e-01 -2.82082664e-01 -3.31800973e-01
 -3.81309290e-01 -4.30576281e-01 -4.79570767e-01 -5.28261739e-01
 -5.76618381e-01 -6.24610088e-01 -6.72206489e-01 -7.19377459e-01
 -7.66093145e-01 -8.12323981e-01 -8.58040708e-01 -9.03214393e-01
 -9.47816445e-01 -9.91818637e-01 -1.03519312e+00 -1.07791244e+00
 -1.11994957e+00 -1.16127790e+00 -1.20187127e+00 -1.24170399e+00
 -1.28075085e+00 -1.31898715e+00 -1.35638867e+00 -1.39293176e+00
 -1.42859327e+00 -1.46335065e+00 -1.49718190e+00 -1.53006559e+00
 -1.56198094e+00 -1.59290772e+00 -1.62282637e+00 -1.65171796e+00
 -1.67956420e+00 -1.70634747e+00 -1.73205081e+00 -1.75665796e+00
 -1.78015334e+00 -1.80252209e+00 -1.82375005e+00 -1.84382378e+00
 -1.86273058e+00 -1.88045848e+00 -1.89699627e+00 -1.91233347e+00
 -1.92646038e+00 -1.93936806e+00 -1.95104834e+00 -1.96149383e+00
 -1.97069792e+00 -1.97865478e+00 -1.98535937e+00 -1.99080746e+00
 -1.99499559e+00 -1.99792112e+00 -1.99958219e+00 -1.99997775e+00
 -1.99910755e+00 -1.99697214e+00 -1.99357288e+00 -1.98891191e+00
 -1.98299219e+00 -1.97581745e+00 -1.96739225e+00 -1.95772191e+00
 -1.94681256e+00 -1.93467110e+00 -1.92130520e+00 -1.90672334e+00
 -1.89093475e+00 -1.87394940e+00 -1.85577805e+00 -1.83643221e+00
 -1.81592412e+00 -1.79426675e+00 -1.77147382e+00 -1.74755974e+00
 -1.72253966e+00 -1.69642940e+00 -1.66924550e+00 -1.64100515e+00
 -1.61172623e+00 -1.58142728e+00 -1.55012746e+00 -1.51784658e+00
 -1.48460508e+00 -1.45042400e+00 -1.41532496e+00 -1.37933018e+00
 -1.34246244e+00 -1.30474507e+00 -1.26620195e+00 -1.22685747e+00
 -1.18673652e+00 -1.14586451e+00 -1.10426729e+00 -1.06197120e+00
 -1.01900300e+00 -9.75389888e-01 -9.31159464e-01 -8.86339721e-01
 -8.40959027e-01 -7.95046100e-01 -7.48630000e-01 -7.01740102e-01
 -6.54406082e-01 -6.06657897e-01 -5.58525767e-01 -5.10040153e-01
 -4.61231741e-01 -4.12131423e-01 -3.62770272e-01 -3.13179528e-01
 -2.63390578e-01 -2.13434931e-01 -1.63344204e-01 -1.13150098e-01
 -6.28843818e-02 -1.25788666e-02  3.77346096e-02  8.80242040e-02
  1.38258089e-01  1.88404473e-01  2.38431617e-01  2.88307862e-01
  3.38001641e-01  3.87481502e-01  4.36716132e-01  4.85674371e-01
  5.34325232e-01  5.82637927e-01  6.30581877e-01  6.78126741e-01
  7.25242428e-01  7.71899118e-01  8.18067284e-01  8.63717706e-01
  9.08821493e-01  9.53350099e-01  9.97275342e-01  1.04056942e+00
  1.08320494e+00  1.12515492e+00  1.16639279e+00  1.20689248e+00
  1.24662834e+00  1.28557522e+00  1.32370848e+00  1.36100398e+00
  1.39743812e+00  1.43298785e+00  1.46763065e+00  1.50134461e+00
  1.53410839e+00  1.56590125e+00  1.59670308e+00  1.62649437e+00
  1.65525628e+00  1.68297059e+00  1.70961978e+00  1.73518698e+00
  1.75965599e+00  1.78301135e+00  1.80523826e+00  1.82632265e+00
  1.84625120e+00  1.86501127e+00  1.88259101e+00  1.89897928e+00
  1.91416571e+00  1.92814069e+00  1.94089538e+00  1.95242170e+00
  1.96271236e+00  1.97176085e+00  1.97956143e+00  1.98610918e+00
  1.99139994e+00  1.99543038e+00  1.99819793e+00  1.99970085e+00
  1.99993819e+00  1.99890980e+00  1.99661632e+00  1.99305921e+00
  1.98824071e+00  1.98216389e+00  1.97483259e+00  1.96625144e+00
  1.95642587e+00  1.94536211e+00  1.93306716e+00  1.91954879e+00
  1.90481557e+00  1.88887681e+00  1.87174261e+00  1.85342381e+00
  1.83393200e+00  1.81327953e+00  1.79147945e+00  1.76854557e+00
  1.74449240e+00  1.71933516e+00  1.69308978e+00  1.66577287e+00
  1.63740171e+00  1.60799426e+00  1.57756913e+00  1.54614559e+00
  1.51374350e+00  1.48038339e+00  1.44608637e+00  1.41087413e+00
  1.37476898e+00  1.33779375e+00  1.29997185e+00  1.26132721e+00
  1.22188430e+00  1.18166807e+00  1.14070398e+00  1.09901796e+00
  1.05663638e+00  1.01358607e+00  9.69894273e-01  9.25588646e-01
  8.80697226e-01  8.35248424e-01  7.89271005e-01  7.42794068e-01
  6.95847025e-01  6.48459591e-01  6.00661755e-01  5.52483769e-01
  5.03956123e-01  4.55109530e-01  4.05974904e-01  3.56583342e-01
  3.06966104e-01  2.57154591e-01  2.07180328e-01  1.57074943e-01
  1.06870148e-01  5.65977162e-02  6.28946442e-03 -4.40227679e-02
 -9.43071387e-02 -1.44531824e-01 -1.94665037e-01 -2.44675049e-01
 -2.94530209e-01 -3.44198966e-01 -3.93649883e-01 -4.42851665e-01
 -4.91773172e-01 -5.40383442e-01 -5.88651711e-01 -6.36547430e-01
 -6.84040287e-01 -7.31100224e-01 -7.77697457e-01 -8.23802496e-01
 -8.69386162e-01 -9.14419605e-01 -9.58874325e-01 -1.00272219e+00
 -1.04593544e+00 -1.08848673e+00 -1.13034913e+00 -1.17149616e+00
 -1.21190175e+00 -1.25154035e+00 -1.29038687e+00 -1.32841672e+00
 -1.36560583e+00 -1.40193067e+00 -1.43736825e+00 -1.47189613e+00
 -1.50549248e+00 -1.53813601e+00 -1.56980608e+00 -1.60048265e+00
 -1.63014628e+00 -1.65877822e+00 -1.68636034e+00 -1.71287519e+00
 -1.73830598e+00 -1.76263662e+00 -1.78585172e+00 -1.80793657e+00
 -1.82887720e+00 -1.84866036e+00 -1.86727353e+00 -1.88470492e+00
 -1.90094351e+00 -1.91597902e+00 -1.92980194e+00 -1.94240350e+00
 -1.95377575e+00 -1.96391148e+00 -1.97280427e+00 -1.98044851e+00
 -1.98683934e+00 -1.99197273e+00 -1.99584543e+00 -1.99845498e+00
 -1.99979974e+00 -1.99987886e+00 -1.99869227e+00 -1.99624074e+00
 -1.99252582e+00 -1.98754986e+00 -1.98131600e+00 -1.97382819e+00
 -1.96509117e+00 -1.95511048e+00 -1.94389242e+00 -1.93144410e+00
 -1.91777339e+00 -1.90288895e+00 -1.88680020e+00 -1.86951731e+00
 -1.85105124e+00 -1.83141366e+00 -1.81061700e+00 -1.78867443e+00
 -1.76559983e+00 -1.74140780e+00 -1.71611366e+00 -1.68973342e+00
 -1.66228376e+00 -1.63378207e+00 -1.60424639e+00 -1.57369539e+00
 -1.54214843e+00 -1.50962546e+00 -1.47614706e+00 -1.44173444e+00
 -1.40640936e+00 -1.37019418e+00 -1.33311183e+00 -1.29518576e+00
 -1.25643999e+00 -1.21689904e+00 -1.17658793e+00 -1.13553217e+00
 -1.09375775e+00 -1.05129111e+00 -1.00815911e+00 -9.64389068e-01
 -9.20008675e-01 -8.75046021e-01 -8.29529562e-01 -7.83488105e-01
 -7.36950790e-01 -6.89947068e-01 -6.42506687e-01 -5.94659673e-01
 -5.46436307e-01 -4.97867109e-01 -4.48982817e-01 -3.99814370e-01
 -3.50392887e-01 -3.00749644e-01 -2.50916060e-01 -2.00923676e-01
 -1.50804129e-01 -1.00589141e-01 -5.03104908e-02 -1.95943488e-15]
