0.00000
0.05031
0.10059
0.15080
0.20092
0.25092
0.30075
0.35039
0.39981
0.44898
0.49787
0.54644
0.59466
0.64251
0.68995
0.73695
0.78349
0.82953
0.87505
0.92001
0.96439
1.00816
1.05129
1.09376
1.13553
1.17659
1.21690
1.25644
1.29519
1.33311
1.37019
1.40641
1.44173
1.47615
1.50963
1.54215
1.57370
1.60425
1.63378
1.66228
1.68973
1.71611
1.74141
1.76560
1.78867
1.81062
1.83141
1.85105
1.86952
1.88680
1.90289
1.91777
1.93144
1.94389
1.95511
1.96509
1.97383
1.98132
1.98755
1.99253
1.99624
1.99869
1.99988
1.99980
1.99845
1.99585
1.99197
1.98684
1.98045
1.97280
1.96391
1.95378
1.94240
1.92980
1.91598
1.90094
1.88470
1.86727
1.84866
1.82888
1.80794
1.78585
1.76264
1.73831
1.71288
1.68636
1.65878
1.63015
1.60048
1.56981
1.53814
1.50549
1.47190
1.43737
1.40193
1.36561
1.32842
1.29039
1.25154
1.21190
1.17150
1.13035
1.08849
1.04594
1.00272
0.95887
0.91442
0.86939
0.82380
0.77770
0.73110
0.68404
0.63655
0.58865
0.54038
0.49177
0.44285
0.39365
0.34420
0.29453
0.24468
0.19467
0.14453
0.09431
0.04402
-0.00629
-0.05660
-0.10687
-0.15707
-0.20718
-0.25715
-0.30697
-0.35658
-0.40597
-0.45511
-0.50396
-0.55248
-0.60066
-0.64846
-0.69585
-0.74279
-0.78927
-0.83525
-0.88070
-0.92559
-0.96989
-1.01359
-1.05664
-1.09902
-1.14070
-1.18167
-1.22188
-1.26133
-1.29997
-1.33779
-1.37477
-1.41087
-1.44609
-1.48038
-1.51374
-1.54615
-1.57757
-1.60799
-1.63740
-1.66577
-1.69309
-1.71934
-1.74449
-1.76855
-1.79148
-1.81328
-1.83393
-1.85342
-1.87174
-1.88888
-1.90482
-1.91955
-1.93307
-1.94536
-1.95643
-1.96625
-1.97483
-1.98216
-1.98824
-1.99306
-1.99662
-1.99891
-1.99994
-1.99970
-1.99820
-1.99543
-1.99140
-1.98611
-1.97956
-1.97176
-1.96271
-1.95242
-1.94090
-1.92814
-1.91417
-1.89898
-1.88259
-1.86501
-1.84625
-1.82632
-1.80524
-1.78301
-1.75966
-1.73519
-1.70962
-1.68297
-1.65526
-1.62649
-1.59670
-1.56590
-1.53411
-1.50134
-1.46763
-1.43299
-1.39744
-1.36100
-1.32371
-1.28558
-1.24663
-1.20689
-1.16639
-1.12515
-1.08320
-1.04057
-0.99728
-0.95335
-0.90882
-0.86372
-0.81807
-0.77190
-0.72524
-0.67813
-0.63058
-0.58264
-0.53433
-0.48567
-0.43672
-0.38748
-0.33800
-0.28831
-0.23843
-0.18840
-0.13826
-0.08802
-0.03773
0.01258
0.06288
0.11315
0.16334
0.21343
0.26339
0.31318
0.36277
0.41213
0.46123
0.51004
0.55853
0.60666
0.65441
0.70174
0.74863
0.79505
0.84096
0.88634
0.93116
0.97539
1.01900
1.06197
1.10427
1.14586
1.18674
1.22686
1.26620
1.30475
1.34246
1.37933
1.41532
1.45042
1.48461
1.51785
1.55013
1.58143
1.61173
1.64101
1.66925
1.69643
1.72254
1.74756
1.77147
1.79427
1.81592
1.83643
1.85578
1.87395
1.89093
1.90672
1.92131
1.93467
1.94681
1.95772
1.96739
1.97582
1.98299
1.98891
1.99357
1.99697
1.99911
1.99998
1.99958
1.99792
1.99500
1.99081
1.98536
1.97865
1.97070
1.96149
1.95105
1.93937
1.92646
1.91233
1.89700
1.88046
1.86273
1.84382
1.82375
1.80252
1.78015
1.75666
1.73205
1.70635
1.67956
1.65172
1.62283
1.59291
1.56198
1.53007
1.49718
1.46335
1.42859
1.39293
1.35639
1.31899
1.28075
1.24170
1.20187
1.16128
1.11995
1.07791
1.03519
0.99182
0.94782
0.90321
0.85804
0.81232
0.76609
0.71938
0.67221
0.62461
0.57662
0.52826
0.47957
0.43058
0.38131
0.33180
0.28208
0.23219
0.18214
0.13198
0.08174
0.03145
-0.01887
-0.06917
-0.11943
-0.16961
-0.21969
-0.26962
-0.31939
-0.36895
-0.41828
-0.46735
-0.51612
-0.56456
-0.61265
-0.66035
-0.70763
-0.75446
-0.80081
-0.84666
-0.89197
-0.93672
-0.98088
-1.02441
-1.06730
-1.10951
-1.15101
-1.19179
-1.23182
-1.27106
-1.30951
-1.34712
-1.38388
-1.41976
-1.45475
-1.48881
-1.52193
-1.55409
-1.58527
-1.61544
-1.64459
-1.67270
-1.69975
-1.72573
-1.75061
-1.77438
-1.79704
-1.81855
-1.83891
-1.85811
-1.87614
-1.89297
-1.90861
-1.92304
-1.93626
-1.94824
-1.95900
-1.96851
-1.97678
-1.98380
-1.98956
-1.99407
-1.99731
-1.99929
-2.00000
-1.99944
-1.99762
-1.99454
-1.99020
-1.98459
-1.97773
-1.96962
-1.96026
-1.94966
-1.93782
-1.92476
-1.91048
-1.89499
-1.87831
-1.86043
-1.84138
-1.82116
-1.79979
-1.77728
-1.75364
-1.72890
-1.70306
-1.67614
-1.64816
-1.61914
-1.58910
-1.55805
-1.52601
-1.49300
-1.45906
-1.42418
-1.38841
-1.35176
-1.31425
-1.27591
-1.23677
-1.19684
-1.15615
-1.11473
-1.07261
-1.02981
-0.98635
-0.94227
-0.89760
-0.85236
-0.80657
-0.76028
-0.71351
-0.66628
-0.61863
-0.57059
-0.52219
-0.47346
-0.42443
-0.37513
-0.32560
-0.27585
-0.22594
-0.17588
-0.12571
-0.07546
-0.02516
0.02516
0.07546
0.12571
0.17588
0.22594
0.27585
0.32560
0.37513
0.42443
0.47346
0.52219
0.57059
0.61863
0.66628
0.71351
0.76028
0.80657
0.85236
0.89760
0.94227
0.98635
1.02981
1.07261
1.11473
1.15615
1.19684
1.23677
1.27591
1.31425
1.35176
1.38841
1.42418
1.45906
1.49300
1.52601
1.55805
1.58910
1.61914
1.64816
1.67614
1.70306
1.72890
1.75364
1.77728
1.79979
1.82116
1.84138
1.86043
1.87831
1.89499
1.91048
1.92476
1.93782
1.94966
1.96026
1.96962
1.97773
1.98459
1.99020
1.99454
1.99762
1.99944
2.00000
1.99929
1.99731
1.99407
1.98956
1.98380
1.97678
1.96851
1.95900
1.94824
1.93626
1.92304
1.90861
1.89297
1.87614
1.85811
1.83891
1.81855
1.79704
1.77438
1.75061
1.72573
1.69975
1.67270
1.64459
1.61544
1.58527
1.55409
1.52193
1.48881
1.45475
1.41976
1.38388
1.34712
1.30951
1.27106
1.23182
1.19179
1.15101
1.10951
1.06730
1.02441
0.98088
0.93672
0.89197
0.84666
0.80081
0.75446
0.70763
0.66035
0.61265
0.56456
0.51612
0.46735
0.41828
0.36895
0.31939
0.26962
0.21969
0.16961
0.11943
0.06917
0.01887
-0.03145
-0.08174
-0.13198
-0.18214
-0.23219
-0.28208
-0.33180
-0.38131
-0.43058
-0.47957
-0.52826
-0.57662
-0.62461
-0.67221
-0.71938
-0.76609
-0.81232
-0.85804
-0.90321
-0.94782
-0.99182
-1.03519
-1.07791
-1.11995
-1.16128
-1.20187
-1.24170
-1.28075
-1.31899
-1.35639
-1.39293
-1.42859
-1.46335
-1.49718
-1.53007
-1.56198
-1.59291
-1.62283
-1.65172
-1.67956
-1.70635
-1.73205
-1.75666
-1.78015
-1.80252
-1.82375
-1.84382
-1.86273
-1.88046
-1.89700
-1.91233
-1.92646
-1.93937
-1.95105
-1.96149
-1.97070
-1.97865
-1.98536
-1.99081
-1.99500
-1.99792
-1.99958
-1.99998
-1.99911
-1.99697
-1.99357
-1.98891
-1.98299
-1.97582
-1.96739
-1.95772
-1.94681
-1.93467
-1.92131
-1.90672
-1.89093
-1.87395
-1.85578
-1.83643
-1.81592
-1.79427
-1.77147
-1.74756
-1.72254
-1.69643
-1.66925
-1.64101
-1.61173
-1.58143
-1.55013
-1.51785
-1.48461
-1.45042
-1.41532
-1.37933
-1.34246
-1.30475
-1.26620
-1.22686
-1.18674
-1.14586
-1.10427
-1.06197
-1.01900
-0.97539
-0.93116
-0.88634
-0.84096
-0.79505
-0.74863
-0.70174
-0.65441
-0.60666
-0.55853
-0.51004
-0.46123
-0.41213
-0.36277
-0.31318
-0.26339
-0.21343
-0.16334
-0.11315
-0.06288
-0.01258
0.03773
0.08802
0.13826
0.18840
0.23843
0.28831
0.33800
0.38748
0.43672
0.48567
0.53433
0.58264
0.63058
0.67813
0.72524
0.77190
0.81807
0.86372
0.90882
0.95335
0.99728
1.04057
1.08320
1.12515
1.16639
1.20689
1.24663
1.28558
1.32371
1.36100
1.39744
1.43299
1.46763
1.50134
1.53411
1.56590
1.59670
1.62649
1.65526
1.68297
1.70962
1.73519
1.75966
1.78301
1.80524
1.82632
1.84625
1.86501
1.88259
1.89898
1.91417
1.92814
1.94090
1.95242
1.96271
1.97176
1.97956
1.98611
1.99140
1.99543
1.99820
1.99970
1.99994
1.99891
1.99662
1.99306
1.98824
1.98216
1.97483
1.96625
1.95643
1.94536
1.93307
1.91955
1.90482
1.88888
1.87174
1.85342
1.83393
1.81328
1.79148
1.76855
1.74449
1.71934
1.69309
1.66577
1.63740
1.60799
1.57757
1.54615
1.51374
1.48038
1.44609
1.41087
1.37477
1.33779
1.29997
1.26133
1.22188
1.18167
1.14070
1.09902
1.05664
1.01359
0.96989
0.92559
0.88070
0.83525
0.78927
0.74279
0.69585
0.64846
0.60066
0.55248
0.50396
0.45511
0.40597
0.35658
0.30697
0.25715
0.20718
0.15707
0.10687
0.05660
0.00629
-0.04402
-0.09431
-0.14453
-0.19467
-0.24468
-0.29453
-0.34420
-0.39365
-0.44285
-0.49177
-0.54038
-0.58865
-0.63655
-0.68404
-0.73110
-0.77770
-0.82380
-0.86939
-0.91442
-0.95887
-1.00272
-1.04594
-1.08849
-1.13035
-1.17150
-1.21190
-1.25154
-1.29039
-1.32842
-1.36561
-1.40193
-1.43737
-1.47190
-1.50549
-1.53814
-1.56981
-1.60048
-1.63015
-1.65878
-1.68636
-1.71288
-1.73831
-1.76264
-1.78585
-1.80794
-1.82888
-1.84866
-1.86727
-1.88470
-1.90094
-1.91598
-1.92980
-1.94240
-1.95378
-1.96391
-1.97280
-1.98045
-1.98684
-1.99197
-1.99585
-1.99845
-1.99980
-1.99988
-1.99869
-1.99624
-1.99253
-1.98755
-1.98132
-1.97383
-1.96509
-1.95511
-1.94389
-1.93144
-1.91777
-1.90289
-1.88680
-1.86952
-1.85105
-1.83141
-1.81062
-1.78867
-1.76560
-1.74141
-1.71611
-1.68973
-1.66228
-1.63378
-1.60425
-1.57370
-1.54215
-1.50963
-1.47615
-1.44173
-1.40641
-1.37019
-1.33311
-1.29519
-1.25644
-1.21690
-1.17659
-1.13553
-1.09376
-1.05129
-1.00816
-0.96439
-0.92001
-0.87505
-0.82953
-0.78349
-0.73695
-0.68995
-0.64251
-0.59466
-0.54644
-0.49787
-0.44898
-0.39981
-0.35039
-0.30075
-0.25092
-0.20092
-0.15080
-0.10059
-0.05031
-0.00000
